0.000000000000000000e+00 -3.370193930629482998e-02
1.000000000000000000e+00 -6.025750017829226146e-02
2.000000000000000000e+00 -2.635143423368412063e-02
3.000000000000000000e+00 4.836092595474900460e-03
4.000000000000000000e+00 -3.461425640401553233e-02
5.000000000000000000e+00 6.636691738616408605e-03
6.000000000000000000e+00 -7.858635466503720302e-05
7.000000000000000000e+00 -5.310894329379984430e-02
8.000000000000000000e+00 1.648825202612247756e-02
9.000000000000000000e+00 -6.004939576790000247e-03
1.000000000000000000e+01 -2.667958199552850421e-02
1.100000000000000000e+01 2.387455549109751898e-02
1.200000000000000000e+01 -1.389458216341256857e-03
1.300000000000000000e+01 -8.252206293312745744e-02
1.400000000000000000e+01 -1.150099767017665336e-01
1.500000000000000000e+01 -1.756595378697234366e-02
1.600000000000000000e+01 8.503119072788403732e-03
1.700000000000000000e+01 4.894755788386554590e-02
1.800000000000000000e+01 4.493014419772859563e-02
1.900000000000000000e+01 -1.962363969978519335e-02
2.000000000000000000e+01 2.407427678335821372e-02
2.100000000000000000e+01 -3.045757678122584106e-02
2.200000000000000000e+01 -1.860745126690212248e-02
2.300000000000000000e+01 -4.790872346018056060e-03
2.400000000000000000e+01 1.410334884520074439e-02
2.500000000000000000e+01 1.249072824537199311e-02
2.600000000000000000e+01 -2.673298698211901830e-02
2.700000000000000000e+01 6.047963986059021885e-02
2.800000000000000000e+01 -5.007524633075972204e-02
2.900000000000000000e+01 3.582724999456562281e-02
3.000000000000000000e+01 7.755647990774145947e-03
3.100000000000000000e+01 1.054142891115410902e-02
3.200000000000000000e+01 2.839100678847254061e-02
3.300000000000000000e+01 1.026448356449799759e-01
3.400000000000000000e+01 8.806036223527785589e-02
3.500000000000000000e+01 9.855278529236979890e-02
3.600000000000000000e+01 1.356584026387056552e-01
3.700000000000000000e+01 2.506675983399252461e-01
3.800000000000000000e+01 2.733307438508670306e-01
3.900000000000000000e+01 3.207987740617068151e-01
4.000000000000000000e+01 3.667685845432132608e-01
4.100000000000000000e+01 4.008429821863164211e-01
4.200000000000000000e+01 4.650108240546755312e-01
4.300000000000000000e+01 4.823199697727989510e-01
4.400000000000000000e+01 4.598165921959327385e-01
4.500000000000000000e+01 4.546039721785775090e-01
4.600000000000000000e+01 4.957249772021428136e-01
4.700000000000000000e+01 3.911927842334033678e-01
4.800000000000000000e+01 4.992292451000753806e-01
4.900000000000000000e+01 4.134706792270096409e-01
5.000000000000000000e+01 3.956434311094557121e-01
5.100000000000000000e+01 3.157753746264042594e-01
5.200000000000000000e+01 3.133947961804048887e-01
5.300000000000000000e+01 1.854182859176456699e-01
5.400000000000000000e+01 1.353255259041888647e-01
5.500000000000000000e+01 1.273798653351379262e-01
5.600000000000000000e+01 9.217188391696511107e-02
5.700000000000000000e+01 1.097074399291553815e-01
5.800000000000000000e+01 -4.675201724696419897e-02
5.900000000000000000e+01 6.210824131626116462e-02
6.000000000000000000e+01 3.779688279204853479e-02
6.100000000000000000e+01 -5.373124699012260530e-02
6.200000000000000000e+01 3.166452118813897765e-02
6.300000000000000000e+01 1.411026270782746866e-02
6.400000000000000000e+01 5.759847376328977760e-03
6.500000000000000000e+01 3.009871694441123083e-02
6.600000000000000000e+01 -1.895075764318560063e-02
6.700000000000000000e+01 -2.701465254895007301e-02
6.800000000000000000e+01 2.288677545471870869e-02
6.900000000000000000e+01 -9.453157922267904634e-03
7.000000000000000000e+01 -7.487053273359599304e-03
7.100000000000000000e+01 -1.820558764212034178e-02
7.200000000000000000e+01 1.098690760836230906e-02
7.300000000000000000e+01 1.082435313657443762e-02
7.400000000000000000e+01 4.793358745211367955e-02
7.500000000000000000e+01 5.057393246453950608e-02
7.600000000000000000e+01 -4.574955551192109310e-02
7.700000000000000000e+01 -1.762151282439166451e-03
7.800000000000000000e+01 -3.979595005334546354e-02
7.900000000000000000e+01 3.311797084624788778e-02
8.000000000000000000e+01 5.668957657697478369e-04
8.100000000000000000e+01 -3.881240647496312507e-02
8.200000000000000000e+01 -5.860282745686791472e-03
8.300000000000000000e+01 7.126021247578363804e-03
8.400000000000000000e+01 -7.011374789117235870e-03
8.500000000000000000e+01 5.685842911021155022e-02
8.600000000000000000e+01 4.111594879934785292e-03
8.700000000000000000e+01 8.249304431303767712e-03
8.800000000000000000e+01 -7.472596272187839728e-02
8.900000000000000000e+01 -5.075446420852156720e-02
9.000000000000000000e+01 3.537161766002092957e-03
9.100000000000000000e+01 4.385336952215089512e-02
9.200000000000000000e+01 2.252699690678047761e-02
9.300000000000000000e+01 1.199272978807855959e-02
9.400000000000000000e+01 6.077388506715168670e-02
9.500000000000000000e+01 2.776031134160430666e-02
9.600000000000000000e+01 6.005663585289568174e-03
9.700000000000000000e+01 -1.416237253150268438e-01
9.800000000000000000e+01 -5.562939424913771955e-03
9.900000000000000000e+01 1.232228619908713914e-03
